service_id,start_date,end_date,monday,tuesday,wednesday,thursday,friday,saturday,sunday
I3 UISU,20260809,20261219,0,0,0,0,0,0,0
LN1 MF_merged_1797,20260517,20260808,0,0,0,0,0,0,0
GN3 SU_merged_1592,20260809,20261219,0,0,0,0,0,0,0
B4 SCH WED_merged_1569,20260809,20261219,0,0,0,0,0,0,0
I4 UISU,20260809,20261219,0,0,0,0,0,0,0
I4 UIMTH LATE,20260809,20261219,0,0,0,0,0,0,0
(9A) 6E URB EO,20260809,20261219,0,0,0,0,0,0,0
Y3 MF_merged_1645,20260809,20261219,0,0,0,0,0,0,0
GN3 NO CHA MF,20260517,20260808,0,0,0,0,0,0,0
GN3 SCH WED_merged_1640,20260809,20261219,0,0,0,0,0,0,0
GN7 UIF,20260809,20261219,0,0,0,0,0,0,0
I1 UIMF,20260809,20261219,0,0,0,0,0,0,0
9A SHOW WED_merged_1765,20260517,20260808,0,0,0,0,0,0,0
5E #3 SHOW MTTF_merged_1805,20260517,20260808,0,0,0,0,0,0,0
GR2 MF_merged_1678,20260809,20261219,0,0,0,0,0,0,0
G2 MF_merged_1544,20260809,20261219,0,0,0,0,0,0,0
5E SHOW 2 WED_merged_1801,20260517,20260808,0,0,0,0,0,0,0
Y6 UIMF,20260809,20261219,0,0,0,0,0,0,0
Y2 SU_merged_1579,20260809,20261219,0,0,0,0,0,0,0
L2 SU_merged_1565,20260809,20261219,0,0,0,0,0,0,0
I3 UIMF,20260809,20261219,0,0,0,0,0,0,0
3N SHOW MF_merged_1773,20260517,20260808,0,0,0,0,0,0,0
BZ1 SCH MTTF_merged_1601,20260809,20261219,0,0,0,0,0,0,0
CH1 MF,20260809,20261219,0,0,0,0,0,0,0
I1 UISU LATE,20260809,20261219,0,0,0,0,0,0,0
3S 5W URB ONLY_merged_1568,20260809,20261219,0,0,0,0,0,0,0
SV4 NOSCH NOUI_merged_1832,20260517,20260808,0,0,0,0,0,0,0
R3 MF_merged_1837,20260517,20260808,0,0,0,0,0,0,0
T1 SU_merged_1744,20260517,20260808,0,0,0,0,0,0,0
GN5 MF_merged_1588,20260809,20261219,0,0,0,0,0,0,0
O1 MF_merged_1618,20260809,20261219,0,0,0,0,0,0,0
I1 UI F,20260809,20261219,0,0,0,0,0,0,0
GN1 SA_merged_1813,20260517,20260808,0,0,0,0,0,0,0
T3 NONUI MF_merged_1704,20260517,20260808,0,0,0,0,0,0,0
Y1 MF_merged_1557,20260809,20261219,0,0,0,0,0,0,0
T2 SU_merged_1570,20260809,20261219,0,0,0,0,0,0,0
I2 UI MTH,20260809,20261219,0,0,0,0,0,0,0
7E 2 SHOW WED_merged_1839,20260517,20260808,0,0,0,0,0,0,0
3N SHOW MF_merged_1604,20260809,20261219,0,0,0,0,0,0,0
GN12 MF (GNX2),20260809,20261219,0,0,0,0,0,0,0
1S 8E URB ONLY_merged_1709,20260517,20260808,0,0,0,0,0,0,0
I7 UISU,20260809,20261219,0,0,0,0,0,0,0
O1 MF_merged_1787,20260517,20260808,0,0,0,0,0,0,0
GR1 MF NOSCH_merged_1735,20260517,20260808,0,0,0,0,0,0,0
7W 7E 5E URBEO MTTF,20260809,20261219,0,0,0,0,0,0,0
R1 SA_merged_1550,20260809,20261219,0,0,0,0,0,0,0
T1 UISA,20260809,20261219,0,0,0,0,0,0,0
1N 16B 2 SHO MTTF_merged_1625,20260809,20261219,0,0,0,0,0,0,0
5E SHOW AM,20260517,20260808,0,0,0,0,0,0,0
17E 7E CHA ONLY,20260809,20261219,0,0,0,0,0,0,0
1N SHOW #1 MF_merged_1528,20260809,20261219,0,0,0,0,0,0,0
SV1 NONUI SU_merged_1560,20260809,20261219,0,0,0,0,0,0,0
BA1 MF_merged_1741,20260517,20260808,0,0,0,0,0,0,0
LM2 SU_merged_1838,20260517,20260808,0,0,0,0,0,0,0
GN3 URB ONLY WED,20260517,20260808,0,0,0,0,0,0,0
16A 2 SHOW MF_merged_1555,20260809,20261219,0,0,0,0,0,0,0
P1 MF_merged_1685,20260809,20261219,0,0,0,0,0,0,0
9B SHOW MF_merged_1764,20260517,20260808,0,0,0,0,0,0,0
Y5 UISU LATE,20260809,20261219,0,0,0,0,0,0,0
B3 NOSCH MF_merged_1698,20260517,20260808,0,0,0,0,0,0,0
Y3 SA_merged_1681,20260809,20261219,0,0,0,0,0,0,0
GNX5 MF,20260517,20260808,0,0,0,0,0,0,0
6E SHOW MTTF_merged_1817,20260517,20260808,0,0,0,0,0,0,0
16B#2 SHOW WED_merged_1711,20260517,20260808,0,0,0,0,0,0,0
B4 NOSCH MF_merged_1631,20260809,20261219,0,0,0,0,0,0,0
I5 UISA,20260809,20261219,0,0,0,0,0,0,0
Y4 MF_merged_1676,20260809,20261219,0,0,0,0,0,0,0
GN2 NONUI SA_merged_1842,20260517,20260808,0,0,0,0,0,0,0
I2 UIF LATE,20260809,20261219,0,0,0,0,0,0,0
T3 UIMF,20260809,20261219,0,0,0,0,0,0,0
I5 UISU,20260809,20261219,0,0,0,0,0,0,0
Y3 SU_merged_1833,20260517,20260808,0,0,0,0,0,0,0
8E 5E SHOW WED_merged_1710,20260517,20260808,0,0,0,0,0,0,0
Y2 NONUI MF_merged_1774,20260517,20260808,0,0,0,0,0,0,0
GR1 MF SCH_merged_1840,20260517,20260808,0,0,0,0,0,0,0
17W 3 SHOW MF,20260809,20261219,0,0,0,0,0,0,0
ORANGE GREEN_merged_1549,20260809,20261219,0,0,0,0,0,0,0
3N 7W NO URB,20260809,20261219,0,0,0,0,0,0,0
9A 10E MTTF_merged_1821,20260517,20260808,0,0,0,0,0,0,0
BZ1 SCH W_merged_1780,20260517,20260808,0,0,0,0,0,0,0
GR4 SU_merged_1627,20260809,20261219,0,0,0,0,0,0,0
3N EMS WED_merged_1580,20260809,20261219,0,0,0,0,0,0,0
Y2 UI SA,20260809,20261219,0,0,0,0,0,0,0
R5 MF_merged_1658,20260809,20261219,0,0,0,0,0,0,0
7W SHOW MF_merged_1577,20260809,20261219,0,0,0,0,0,0,0
O4 RUBY MF_merged_1783,20260517,20260808,0,0,0,0,0,0,0
6E 7W SHOW WED_merged_1828,20260517,20260808,0,0,0,0,0,0,0
7W 5E CHA ONLY,20260809,20261219,0,0,0,0,0,0,0
BA2 SCH MF_merged_1790,20260517,20260808,0,0,0,0,0,0,0
I6 THURS,20260809,20261219,0,0,0,0,0,0,0
BA2 NOSCH MF_merged_1609,20260809,20261219,0,0,0,0,0,0,0
GR4 MF_merged_1583,20260809,20261219,0,0,0,0,0,0,0
BB2 MF_merged_1831,20260517,20260808,0,0,0,0,0,0,0
CHERRY SHOW MF,20260809,20261219,0,0,0,0,0,0,0
B4 SCH MTTF_merged_1620,20260809,20261219,0,0,0,0,0,0,0
6E SHOW MTTF_merged_1648,20260809,20261219,0,0,0,0,0,0,0
7E 5E SHOW NOCHA,20260517,20260808,0,0,0,0,0,0,0
GR3 UI,20260809,20261219,0,0,0,0,0,0,0
9B 7E CHA ONLY,20260809,20261219,0,0,0,0,0,0,0
I2 UISA,20260809,20261219,0,0,0,0,0,0,0
9B 7E URB ONLY,20260809,20261219,0,0,0,0,0,0,0
17W 5 SHOW MF,20260809,20261219,0,0,0,0,0,0,0
I2 NONUI SA_merged_1760,20260517,20260808,0,0,0,0,0,0,0
Y2 NONUI MF_merged_1605,20260809,20261219,0,0,0,0,0,0,0
Y4 SA_merged_1712,20260517,20260808,0,0,0,0,0,0,0
R2 MF_merged_1654,20260809,20261219,0,0,0,0,0,0,0
LM1 SU_merged_1686,20260809,20261219,0,0,0,0,0,0,0
3N 7W SHOW MTTF,20260809,20261219,0,0,0,0,0,0,0
1N SHOW MF_merged_1607,20260809,20261219,0,0,0,0,0,0,0
SV4 SCH UIMTH,20260809,20261219,0,0,0,0,0,0,0
GR3 UISU LATE,20260809,20261219,0,0,0,0,0,0,0
GNX3 MF,20260517,20260808,0,0,0,0,0,0,0
I2 THURS,20260809,20261219,0,0,0,0,0,0,0
B4 SCH WED_merged_1738,20260517,20260808,0,0,0,0,0,0,0
3S 5W MF_merged_1660,20260809,20261219,0,0,0,0,0,0,0
SV4 SCH NOUI,20260517,20260808,0,0,0,0,0,0,0
GN9 MTTF_merged_1750,20260517,20260808,0,0,0,0,0,0,0
9B 7E SHOW  MF,20260517,20260808,0,0,0,0,0,0,0
7E 1 SHOW WED_merged_1589,20260809,20261219,0,0,0,0,0,0,0
Y2 UISU LATE,20260809,20261219,0,0,0,0,0,0,0
GNX1 NOSCH MF,20260517,20260808,0,0,0,0,0,0,0
GN12 MF (GNX2) (Grey Show),20260809,20261219,0,0,0,0,0,0,0
7E 5E SHOW MTTF,20260517,20260808,0,0,0,0,0,0,0
B4 NOSCH MF_merged_1800,20260517,20260808,0,0,0,0,0,0,0
Y4 SA_merged_1543,20260809,20261219,0,0,0,0,0,0,0
Y4 SU_merged_1655,20260809,20261219,0,0,0,0,0,0,0
1N SHOW 2 MF_merged_1616,20260809,20261219,0,0,0,0,0,0,0
10E SHOW MTTF_merged_1707,20260517,20260808,0,0,0,0,0,0,0
17E 7E MF,20260809,20261219,0,0,0,0,0,0,0
GN7 NONUI_merged_1819,20260517,20260808,0,0,0,0,0,0,0
I4 UIMF,20260809,20261219,0,0,0,0,0,0,0
GR2 SU_merged_1545,20260809,20261219,0,0,0,0,0,0,0
LM1 SA_merged_1742,20260517,20260808,0,0,0,0,0,0,0
GN3 NONUI SA_merged_1721,20260517,20260808,0,0,0,0,0,0,0
LM2 SA_merged_1633,20260809,20261219,0,0,0,0,0,0,0
I1 UI MTH LATE,20260809,20261219,0,0,0,0,0,0,0
BA2 NOSCH MF_merged_1778,20260517,20260808,0,0,0,0,0,0,0
GR3 SU_merged_1861,20260517,20260808,0,0,0,0,0,0,0
5W 2 SHOW MF,20260517,20260808,0,0,0,0,0,0,0
9A SHOW #2 WED_merged_1799,20260517,20260808,0,0,0,0,0,0,0
9B SHOW MF_merged_1595,20260809,20261219,0,0,0,0,0,0,0
O4 RUBY MF_merged_1614,20260809,20261219,0,0,0,0,0,0,0
BA2 SCH MF_merged_1621,20260809,20261219,0,0,0,0,0,0,0
7W 5E AMSHOW MF_merged_1634,20260809,20261219,0,0,0,0,0,0,0
7W 2 SHOW MTTF_merged_1716,20260517,20260808,0,0,0,0,0,0,0
G3 MF_merged_1784,20260517,20260808,0,0,0,0,0,0,0
GN1 MF_merged_1597,20260809,20261219,0,0,0,0,0,0,0
17W 2 SHOW MF,20260809,20261219,0,0,0,0,0,0,0
I1 SU_merged_1675,20260809,20261219,0,0,0,0,0,0,0
P2 MF SCH_merged_1722,20260517,20260808,0,0,0,0,0,0,0
RUB1 SA_merged_1584,20260809,20261219,0,0,0,0,0,0,0
7E 5E MTTF,20260809,20261219,0,0,0,0,0,0,0
CH2 MF,20260809,20261219,0,0,0,0,0,0,0
9A 10E CHA ONLY,20260809,20261219,0,0,0,0,0,0,0
7W 2 SHOW WED_merged_1706,20260517,20260808,0,0,0,0,0,0,0
R1 SA_merged_1719,20260517,20260808,0,0,0,0,0,0,0
L1 SCH MF_merged_1705,20260517,20260808,0,0,0,0,0,0,0
16A 1 SHOW MF_merged_1687,20260809,20261219,0,0,0,0,0,0,0
5E SHOW 1 WED_merged_1695,20260517,20260808,0,0,0,0,0,0,0
L1 SA_merged_1736,20260517,20260808,0,0,0,0,0,0,0
GN3 NONUI SA_merged_1552,20260809,20261219,0,0,0,0,0,0,0
1N SHOW MF_merged_1776,20260517,20260808,0,0,0,0,0,0,0
8E 5E SHOW WED_merged_1541,20260809,20261219,0,0,0,0,0,0,0
GN3 SCHOOL MF,20260809,20261219,0,0,0,0,0,0,0
P1 MF_merged_1854,20260517,20260808,0,0,0,0,0,0,0
I5 UIF LATE,20260809,20261219,0,0,0,0,0,0,0
GN5 MF_merged_1757,20260517,20260808,0,0,0,0,0,0,0
7W SHOW MF_merged_1746,20260517,20260808,0,0,0,0,0,0,0
T1 SU_merged_1575,20260809,20261219,0,0,0,0,0,0,0
O2 MF_merged_1684,20260809,20261219,0,0,0,0,0,0,0
Y5 NONUI MF_merged_1599,20260809,20261219,0,0,0,0,0,0,0
BZ1 SCH W_merged_1611,20260809,20261219,0,0,0,0,0,0,0
Y3 MF_merged_1814,20260517,20260808,0,0,0,0,0,0,0
5E#3 SHOW WED,20260809,20261219,0,0,0,0,0,0,0
GR5 SA_merged_1556,20260809,20261219,0,0,0,0,0,0,0
RUB1 SU_merged_1590,20260809,20261219,0,0,0,0,0,0,0
GNX1 SHO MF,20260517,20260808,0,0,0,0,0,0,0
9A SHOW MF_merged_1731,20260517,20260808,0,0,0,0,0,0,0
T2 NONUI SA_merged_1667,20260809,20261219,0,0,0,0,0,0,0
P2 NOSCH MF_merged_1582,20260809,20261219,0,0,0,0,0,0,0
9A 10E MTTF_merged_1652,20260809,20261219,0,0,0,0,0,0,0
L1 NOSCH MF_merged_1834,20260517,20260808,0,0,0,0,0,0,0
R3 SA_merged_1826,20260517,20260808,0,0,0,0,0,0,0
T2 UISU LATE,20260809,20261219,0,0,0,0,0,0,0
SV2 UISU,20260809,20261219,0,0,0,0,0,0,0
I8 4S NOUI SCH WED,20260517,20260808,0,0,0,0,0,0,0
GR4 SA_merged_1527,20260809,20261219,0,0,0,0,0,0,0
I5 UI MTH,20260809,20261219,0,0,0,0,0,0,0
16B 2 9A SHO MTTF_merged_1835,20260517,20260808,0,0,0,0,0,0,0
SV2 UISA,20260809,20261219,0,0,0,0,0,0,0
7W 1 SHOW WED_merged_1795,20260517,20260808,0,0,0,0,0,0,0
6E SHOW EO MTTF,20260809,20261219,0,0,0,0,0,0,0
BB1 MF_merged_1546,20260809,20261219,0,0,0,0,0,0,0
GN4 MF_merged_1639,20260809,20261219,0,0,0,0,0,0,0
Y1 UI SA,20260809,20261219,0,0,0,0,0,0,0
5E#1 URB EO,20260809,20261219,0,0,0,0,0,0,0
I7 UIF LATE,20260809,20261219,0,0,0,0,0,0,0
I6 UIF LATE,20260809,20261219,0,0,0,0,0,0,0
GR2 MF_merged_1847,20260517,20260808,0,0,0,0,0,0,0
L2 NOSCH MF_merged_1843,20260517,20260808,0,0,0,0,0,0,0
GN3 NOSCH,20260809,20261219,0,0,0,0,0,0,0
6E #2 SHOW WED_merged_1863,20260517,20260808,0,0,0,0,0,0,0
GR1 SU_merged_1622,20260809,20261219,0,0,0,0,0,0,0
Y2 SU_merged_1748,20260517,20260808,0,0,0,0,0,0,0
GR4 MF_merged_1752,20260517,20260808,0,0,0,0,0,0,0
10W UHS UMS MF_merged_1798,20260517,20260808,0,0,0,0,0,0,0
10W UHS UMS MF_merged_1629,20260809,20261219,0,0,0,0,0,0,0
5E SHOW 1 WED_merged_1526,20260809,20261219,0,0,0,0,0,0,0
Y5 SA_merged_1822,20260517,20260808,0,0,0,0,0,0,0
7E 5E URB ONLY,20260809,20261219,0,0,0,0,0,0,0
P2 NOSCH MF_merged_1751,20260517,20260808,0,0,0,0,0,0,0
LN2 MF_merged_1600,20260809,20261219,0,0,0,0,0,0,0
BB1 MF_merged_1715,20260517,20260808,0,0,0,0,0,0,0
GNX1 SCH MF,20260517,20260808,0,0,0,0,0,0,0
I2 NONUI SA_merged_1591,20260809,20261219,0,0,0,0,0,0,0
GN7 NONUI_merged_1650,20260809,20261219,0,0,0,0,0,0,0
L1 NOSCH MF_merged_1665,20260809,20261219,0,0,0,0,0,0,0
GR2 SU_merged_1714,20260517,20260808,0,0,0,0,0,0,0
G1 MF_merged_1755,20260517,20260808,0,0,0,0,0,0,0
5W 1 SHOW MF,20260517,20260808,0,0,0,0,0,0,0
I7 UIF,20260809,20261219,0,0,0,0,0,0,0
3S 5W MF_merged_1829,20260517,20260808,0,0,0,0,0,0,0
7W 7E 5E  MTTF,20260517,20260808,0,0,0,0,0,0,0
16B 1 SHOW MF_merged_1677,20260809,20261219,0,0,0,0,0,0,0
3S 5W URB ONLY_merged_1737,20260517,20260808,0,0,0,0,0,0,0
I2 SU_merged_1775,20260517,20260808,0,0,0,0,0,0,0
O3 MF_merged_1812,20260517,20260808,0,0,0,0,0,0,0
9A SHOW MTTF_merged_1779,20260517,20260808,0,0,0,0,0,0,0
9A SHOW WED_merged_1596,20260809,20261219,0,0,0,0,0,0,0
5W 4 SHOW MF,20260517,20260808,0,0,0,0,0,0,0
Y7 UIMF,20260809,20261219,0,0,0,0,0,0,0
R2 MF_merged_1823,20260517,20260808,0,0,0,0,0,0,0
6E 7W URB ONLY,20260517,20260808,0,0,0,0,0,0,0
GN2 SU_merged_1651,20260809,20261219,0,0,0,0,0,0,0
I4 UIF,20260809,20261219,0,0,0,0,0,0,0
GN5 SA_merged_1762,20260517,20260808,0,0,0,0,0,0,0
Y3 SA_merged_1850,20260517,20260808,0,0,0,0,0,0,0
G1 MF_merged_1586,20260809,20261219,0,0,0,0,0,0,0
I6 UIF,20260809,20261219,0,0,0,0,0,0,0
Y2 NONUI SA_merged_1689,20260809,20261219,0,0,0,0,0,0,0
5E #3 SHOW MTTF_merged_1636,20260809,20261219,0,0,0,0,0,0,0
GN9 SHOW_merged_1756,20260517,20260808,0,0,0,0,0,0,0
I2 UIF,20260809,20261219,0,0,0,0,0,0,0
I1 SU_merged_1844,20260517,20260808,0,0,0,0,0,0,0
I7 UISA,20260809,20261219,0,0,0,0,0,0,0
16A 1 SHOW MF_merged_1856,20260517,20260808,0,0,0,0,0,0,0
GR1 SA_merged_1613,20260809,20261219,0,0,0,0,0,0,0
I6 UIMF,20260809,20261219,0,0,0,0,0,0,0
SV2 NONUI MF_merged_1680,20260809,20261219,0,0,0,0,0,0,0
BZ2 SCH MTTF_merged_1767,20260517,20260808,0,0,0,0,0,0,0
GR3 SA_merged_1683,20260809,20261219,0,0,0,0,0,0,0
T1 NONUI MF_merged_1646,20260809,20261219,0,0,0,0,0,0,0
I1 THURS,20260809,20261219,0,0,0,0,0,0,0
T1 NONUI SA_merged_1700,20260517,20260808,0,0,0,0,0,0,0
Y8 UIMF,20260809,20261219,0,0,0,0,0,0,0
Y4 MF_merged_1845,20260517,20260808,0,0,0,0,0,0,0
BZ2 NOSCH MF,20260809,20261219,0,0,0,0,0,0,0
Y1 MF_merged_1726,20260517,20260808,0,0,0,0,0,0,0
L2 SCH MF_merged_1642,20260809,20261219,0,0,0,0,0,0,0
R4 MF_merged_1693,20260809,20261219,0,0,0,0,0,0,0
LM1 MF_merged_1638,20260809,20261219,0,0,0,0,0,0,0
L1 SU_merged_1571,20260809,20261219,0,0,0,0,0,0,0
GR2 SA_merged_1539,20260809,20261219,0,0,0,0,0,0,0
GN9 SHOW_merged_1587,20260809,20261219,0,0,0,0,0,0,0
T5 UIMF,20260809,20261219,0,0,0,0,0,0,0
9A 6E URB ONLY_merged_1788,20260517,20260808,0,0,0,0,0,0,0
BZ2 NOSCH MTTF,20260517,20260808,0,0,0,0,0,0,0
I4UISA,20260809,20261219,0,0,0,0,0,0,0
7W 1 URB ONLY,20260517,20260808,0,0,0,0,0,0,0
BZ1 NOSCH MF,20260809,20261219,0,0,0,0,0,0,0
Y2 NONUI SA_merged_1858,20260517,20260808,0,0,0,0,0,0,0
SV1 UISU LATE,20260809,20261219,0,0,0,0,0,0,0
5E UHS SHO WED_merged_1825,20260517,20260808,0,0,0,0,0,0,0
SV4 NOSCH UIF,20260809,20261219,0,0,0,0,0,0,0
GN4 SA_merged_1574,20260809,20261219,0,0,0,0,0,0,0
I8 4S NONUI NOSCH,20260517,20260808,0,0,0,0,0,0,0
G5 MF_merged_1679,20260809,20261219,0,0,0,0,0,0,0
GN9 MTTF_merged_1581,20260809,20261219,0,0,0,0,0,0,0
G4 MF_merged_1635,20260809,20261219,0,0,0,0,0,0,0
T1 UIMTH,20260809,20261219,0,0,0,0,0,0,0
9B 7E SHO MF_merged_1585,20260809,20261219,0,0,0,0,0,0,0
T1 NONUI SA_merged_1531,20260809,20261219,0,0,0,0,0,0,0
GN4 SU_merged_1859,20260517,20260808,0,0,0,0,0,0,0
GN5 SA_merged_1593,20260809,20261219,0,0,0,0,0,0,0
R3 MF_merged_1668,20260809,20261219,0,0,0,0,0,0,0
GR1 MF NOSCH_merged_1566,20260809,20261219,0,0,0,0,0,0,0
N1 MF_merged_1816,20260517,20260808,0,0,0,0,0,0,0
SV1 UIF,20260809,20261219,0,0,0,0,0,0,0
I6 UISU,20260809,20261219,0,0,0,0,0,0,0
I1 NONUI MF_merged_1623,20260809,20261219,0,0,0,0,0,0,0
LM1 SA_merged_1573,20260809,20261219,0,0,0,0,0,0,0
3S 5W CHA ONLY,20260809,20261219,0,0,0,0,0,0,0
GN4 SU_merged_1690,20260809,20261219,0,0,0,0,0,0,0
N2 MF_merged_1830,20260517,20260808,0,0,0,0,0,0,0
BB2 MF_merged_1662,20260809,20261219,0,0,0,0,0,0,0
I1 UISA,20260809,20261219,0,0,0,0,0,0,0
I6 UISA,20260809,20261219,0,0,0,0,0,0,0
Y5 NONUI MF_merged_1768,20260517,20260808,0,0,0,0,0,0,0
G3 MF_merged_1615,20260809,20261219,0,0,0,0,0,0,0
7W 7E 5E MTTF,20260809,20261219,0,0,0,0,0,0,0
SV2 UIMF,20260809,20261219,0,0,0,0,0,0,0
SV1 NONUI SA_merged_1554,20260809,20261219,0,0,0,0,0,0,0
Y1 NONUI SA_merged_1771,20260517,20260808,0,0,0,0,0,0,0
GN1 SA_merged_1644,20260809,20261219,0,0,0,0,0,0,0
GN11 UIMF (GNX5),20260809,20261219,0,0,0,0,0,0,0
B2 MF_merged_1860,20260517,20260808,0,0,0,0,0,0,0
I8 UIF,20260809,20261219,0,0,0,0,0,0,0
GN1 MF_merged_1766,20260517,20260808,0,0,0,0,0,0,0
17E 7E URB ONLY,20260809,20261219,0,0,0,0,0,0,0
I1 NONUI MF_merged_1792,20260517,20260808,0,0,0,0,0,0,0
ORANGE GREEN_merged_1718,20260517,20260808,0,0,0,0,0,0,0
SV1 UISA,20260809,20261219,0,0,0,0,0,0,0
16B 2 9A SHO MTTF_merged_1666,20260809,20261219,0,0,0,0,0,0,0
GNX4 MF,20260517,20260808,0,0,0,0,0,0,0
SV1 UISU,20260809,20261219,0,0,0,0,0,0,0
1N SHOW#3 WED,20260517,20260808,0,0,0,0,0,0,0
Y1 NONUI SA_merged_1602,20260809,20261219,0,0,0,0,0,0,0
O3 MF_merged_1643,20260809,20261219,0,0,0,0,0,0,0
1N SHOW #3 WED,20260809,20261219,0,0,0,0,0,0,0
GN9 NO SCH URB,20260809,20261219,0,0,0,0,0,0,0
LM2 SU_merged_1669,20260809,20261219,0,0,0,0,0,0,0
GN9 URBEO,20260809,20261219,0,0,0,0,0,0,0
9A 6E MTTF_merged_1727,20260517,20260808,0,0,0,0,0,0,0
T4 UIMF,20260809,20261219,0,0,0,0,0,0,0
N1 MF_merged_1647,20260809,20261219,0,0,0,0,0,0,0
LN1 MF_merged_1628,20260809,20261219,0,0,0,0,0,0,0
GN9 NOSCH,20260517,20260808,0,0,0,0,0,0,0
I8 THURS,20260809,20261219,0,0,0,0,0,0,0
9A 6E URB ONLY_merged_1619,20260809,20261219,0,0,0,0,0,0,0
1S 8E SHOW MF,20260809,20261219,0,0,0,0,0,0,0
SV1 NONUI SA_merged_1723,20260517,20260808,0,0,0,0,0,0,0
RV1 MF_merged_1717,20260517,20260808,0,0,0,0,0,0,0
G4 MF_merged_1804,20260517,20260808,0,0,0,0,0,0,0
GN8 MF_merged_1728,20260517,20260808,0,0,0,0,0,0,0
Y5 NONUI SU_merged_1702,20260517,20260808,0,0,0,0,0,0,0
3N SHOW #2 WED_merged_1772,20260517,20260808,0,0,0,0,0,0,0
SV1 UIMTH,20260809,20261219,0,0,0,0,0,0,0
GR3 NONUI_merged_1564,20260809,20261219,0,0,0,0,0,0,0
1N 16B 2 SHO MTTF_merged_1794,20260517,20260808,0,0,0,0,0,0,0
L1 SA_merged_1567,20260809,20261219,0,0,0,0,0,0,0
O2 MF_merged_1853,20260517,20260808,0,0,0,0,0,0,0
GN6 NOSCH MF_merged_1786,20260517,20260808,0,0,0,0,0,0,0
5E#1 URB MTTF,20260809,20261219,0,0,0,0,0,0,0
GN9 WED_merged_1576,20260809,20261219,0,0,0,0,0,0,0
I2 NONUI MF_merged_1777,20260517,20260808,0,0,0,0,0,0,0
LM1 MF_merged_1807,20260517,20260808,0,0,0,0,0,0,0
I7 UIMTH,20260809,20261219,0,0,0,0,0,0,0
GN6 SCH MF_merged_1793,20260517,20260808,0,0,0,0,0,0,0
GN2 MF_merged_1672,20260809,20261219,0,0,0,0,0,0,0
I5 UIF,20260809,20261219,0,0,0,0,0,0,0
R5 MF_merged_1827,20260517,20260808,0,0,0,0,0,0,0
GR1 SU_merged_1791,20260517,20260808,0,0,0,0,0,0,0
B1 MF_merged_1747,20260517,20260808,0,0,0,0,0,0,0
I2 NONUI MF_merged_1608,20260809,20261219,0,0,0,0,0,0,0
GR2 SA_merged_1708,20260517,20260808,0,0,0,0,0,0,0
I3UISA,20260809,20261219,0,0,0,0,0,0,0
T2 SU_merged_1739,20260517,20260808,0,0,0,0,0,0,0
7W 1 SHOW WED_merged_1626,20260809,20261219,0,0,0,0,0,0,0
9A 10E URB ONLY_merged_1530,20260809,20261219,0,0,0,0,0,0,0
I2 SU_merged_1606,20260809,20261219,0,0,0,0,0,0,0
I7 THURS,20260809,20261219,0,0,0,0,0,0,0
GR3 NONUI_merged_1733,20260517,20260808,0,0,0,0,0,0,0
SV4 SCH NONUI,20260809,20261219,0,0,0,0,0,0,0
GR1 MF SCH_merged_1671,20260809,20261219,0,0,0,0,0,0,0
7W 5E NOCHA,20260517,20260808,0,0,0,0,0,0,0
BZ2 URB EO,20260809,20261219,0,0,0,0,0,0,0
I8 UIF LATE,20260809,20261219,0,0,0,0,0,0,0
I2 UISU LATE,20260809,20261219,0,0,0,0,0,0,0
SV5 UIMF,20260809,20261219,0,0,0,0,0,0,0
T2 UIMF,20260809,20261219,0,0,0,0,0,0,0
10E SHOW EO,20260809,20261219,0,0,0,0,0,0,0
I1 NONUI SA_merged_1763,20260517,20260808,0,0,0,0,0,0,0
3N 7W URB EO MTTF,20260809,20261219,0,0,0,0,0,0,0
B4 SCH MTTF_merged_1789,20260517,20260808,0,0,0,0,0,0,0
9A SHOW #2 WED_merged_1630,20260809,20261219,0,0,0,0,0,0,0
SV2 NONUI MF_merged_1849,20260517,20260808,0,0,0,0,0,0,0
LN3 MF_merged_1649,20260809,20261219,0,0,0,0,0,0,0
GN2 NONUI SA_merged_1673,20260809,20261219,0,0,0,0,0,0,0
GN3 SCH WED_merged_1809,20260517,20260808,0,0,0,0,0,0,0
Y2 UI MF,20260809,20261219,0,0,0,0,0,0,0
GR4 SU_merged_1796,20260517,20260808,0,0,0,0,0,0,0
1S 8E URB ONLY_merged_1540,20260809,20261219,0,0,0,0,0,0,0
16A 2 SHOW MF_merged_1724,20260517,20260808,0,0,0,0,0,0,0
RUB1 SU_merged_1759,20260517,20260808,0,0,0,0,0,0,0
GR4 SA_merged_1696,20260517,20260808,0,0,0,0,0,0,0
RV1 MF_merged_1548,20260809,20261219,0,0,0,0,0,0,0
I1 UIF LATE,20260809,20261219,0,0,0,0,0,0,0
GN1 SU_merged_1637,20260809,20261219,0,0,0,0,0,0,0
10E SHOW MTTF_merged_1538,20260809,20261219,0,0,0,0,0,0,0
B3 SCH MF_merged_1732,20260517,20260808,0,0,0,0,0,0,0
5W 3 SHOW MF,20260517,20260808,0,0,0,0,0,0,0
7W 2 SHOW MTTF_merged_1547,20260809,20261219,0,0,0,0,0,0,0
GN2 UISA,20260809,20261219,0,0,0,0,0,0,0
GN3 SCHOOL MTTF,20260517,20260808,0,0,0,0,0,0,0
I8 4S NONUI SCH MTTF,20260517,20260808,0,0,0,0,0,0,0
I5 THURS,20260809,20261219,0,0,0,0,0,0,0
L1 SCH MF_merged_1536,20260809,20261219,0,0,0,0,0,0,0
G6 MF_merged_1730,20260517,20260808,0,0,0,0,0,0,0
5E SHOW 2 WED_merged_1632,20260809,20261219,0,0,0,0,0,0,0
L2 SU_merged_1734,20260517,20260808,0,0,0,0,0,0,0
Y5 UIMF,20260809,20261219,0,0,0,0,0,0,0
17W 1 SHOW MF,20260809,20261219,0,0,0,0,0,0,0
GNX2 MF,20260517,20260808,0,0,0,0,0,0,0
CH3 MF,20260809,20261219,0,0,0,0,0,0,0
R2 SA_merged_1682,20260809,20261219,0,0,0,0,0,0,0
GN6 SCH MF_merged_1624,20260809,20261219,0,0,0,0,0,0,0
16B 1 SHOW MF_merged_1846,20260517,20260808,0,0,0,0,0,0,0
I4 THURS,20260809,20261219,0,0,0,0,0,0,0
7E 2 SHOW WED_merged_1670,20260809,20261219,0,0,0,0,0,0,0
G2 MF_merged_1713,20260517,20260808,0,0,0,0,0,0,0
I4 UIF LATE,20260809,20261219,0,0,0,0,0,0,0
Y4 SU_merged_1824,20260517,20260808,0,0,0,0,0,0,0
GN4 MF_merged_1808,20260517,20260808,0,0,0,0,0,0,0
9B 7E SHO URB ONLY,20260517,20260808,0,0,0,0,0,0,0
1S SHOW 2_merged_1612,20260809,20261219,0,0,0,0,0,0,0
6E 7W SHOW WED_merged_1659,20260809,20261219,0,0,0,0,0,0,0
7E 5E CHA ONLY,20260809,20261219,0,0,0,0,0,0,0
L2 SCH MF_merged_1811,20260517,20260808,0,0,0,0,0,0,0
7W 2 WED URBONLY,20260517,20260808,0,0,0,0,0,0,0
GR3 SU_merged_1692,20260809,20261219,0,0,0,0,0,0,0
GN3 SU_merged_1761,20260517,20260808,0,0,0,0,0,0,0
I6 UI MTH LATE,20260809,20261219,0,0,0,0,0,0,0
L2 SA_merged_1701,20260517,20260808,0,0,0,0,0,0,0
3N 7W NO CHA,20260809,20261219,0,0,0,0,0,0,0
RUB1 SA_merged_1753,20260517,20260808,0,0,0,0,0,0,0
T2 NONUI SA_merged_1836,20260517,20260808,0,0,0,0,0,0,0
SV4 NOSCH NOUI_merged_1663,20260809,20261219,0,0,0,0,0,0,0
7E 5E URB EO,20260809,20261219,0,0,0,0,0,0,0
7W 5E URB ONLY,20260809,20261219,0,0,0,0,0,0,0
GN2 SU_merged_1820,20260517,20260808,0,0,0,0,0,0,0
B3 NOSCH MF_merged_1529,20260809,20261219,0,0,0,0,0,0,0
9B 7E SHOW MF,20260809,20261219,0,0,0,0,0,0,0
GN7 UI MTH,20260809,20261219,0,0,0,0,0,0,0
BA1 MF_merged_1572,20260809,20261219,0,0,0,0,0,0,0
6E #2 SHOW WED_merged_1694,20260809,20261219,0,0,0,0,0,0,0
7W 5E AMSHOW MF_merged_1803,20260517,20260808,0,0,0,0,0,0,0
GREY MF SHOW,20260517,20260808,0,0,0,0,0,0,0
GR1 SA_merged_1782,20260517,20260808,0,0,0,0,0,0,0
9A SHOW MTTF_merged_1610,20260809,20261219,0,0,0,0,0,0,0
GN1 SU_merged_1806,20260517,20260808,0,0,0,0,0,0,0
I8 UIMF,20260809,20261219,0,0,0,0,0,0,0
9A 6E MTTF_merged_1558,20260809,20261219,0,0,0,0,0,0,0
9B 7E SHO MF_merged_1754,20260517,20260808,0,0,0,0,0,0,0
T1 NONUI MF_merged_1815,20260517,20260808,0,0,0,0,0,0,0
BZ2 WED_merged_1703,20260517,20260808,0,0,0,0,0,0,0
SV1 NONUI SU_merged_1729,20260517,20260808,0,0,0,0,0,0,0
BZ2 SCH MTTF_merged_1598,20260809,20261219,0,0,0,0,0,0,0
1N SHOW #1 MF_merged_1697,20260517,20260808,0,0,0,0,0,0,0
GN8 MF_merged_1559,20260809,20261219,0,0,0,0,0,0,0
1N SHOW 2 MF_merged_1785,20260517,20260808,0,0,0,0,0,0,0
5E SHOW URB ONLY,20260517,20260808,0,0,0,0,0,0,0
L1 SU_merged_1740,20260517,20260808,0,0,0,0,0,0,0
B2 MF_merged_1691,20260809,20261219,0,0,0,0,0,0,0
Y5 SA_merged_1653,20260809,20261219,0,0,0,0,0,0,0
N2 MF_merged_1661,20260809,20261219,0,0,0,0,0,0,0
T3 NONUI MF_merged_1535,20260809,20261219,0,0,0,0,0,0,0
9A 10E URB ONLY_merged_1699,20260517,20260808,0,0,0,0,0,0,0
3N SHOW #2 WED_merged_1603,20260809,20261219,0,0,0,0,0,0,0
R2 SA_merged_1851,20260517,20260808,0,0,0,0,0,0,0
Y3 SU_merged_1664,20260809,20261219,0,0,0,0,0,0,0
GN2 MF_merged_1841,20260517,20260808,0,0,0,0,0,0,0
B3 SCH MF_merged_1563,20260809,20261219,0,0,0,0,0,0,0
L2 SA_merged_1532,20260809,20261219,0,0,0,0,0,0,0
T2 UISA,20260809,20261219,0,0,0,0,0,0,0
L2 NOSCH MF_merged_1674,20260809,20261219,0,0,0,0,0,0,0
LN3 MF_merged_1818,20260517,20260808,0,0,0,0,0,0,0
G6 MF_merged_1561,20260809,20261219,0,0,0,0,0,0,0
Y1 SU_merged_1720,20260517,20260808,0,0,0,0,0,0,0
Y1 SU_merged_1551,20260809,20261219,0,0,0,0,0,0,0
9A SHOW MF_merged_1562,20260809,20261219,0,0,0,0,0,0,0
1S 8E MF,20260517,20260808,0,0,0,0,0,0,0
R1 MF_merged_1857,20260517,20260808,0,0,0,0,0,0,0
3N EMS WED_merged_1749,20260517,20260808,0,0,0,0,0,0,0
GN4 SA_merged_1743,20260517,20260808,0,0,0,0,0,0,0
16B#2 SHOW WED_merged_1542,20260809,20261219,0,0,0,0,0,0,0
3N 7W URB ONLY,20260517,20260808,0,0,0,0,0,0,0
R4 MF_merged_1862,20260517,20260808,0,0,0,0,0,0,0
GN10 MF (GNX4),20260809,20261219,0,0,0,0,0,0,0
BZ1 NOSCH MTTF,20260517,20260808,0,0,0,0,0,0,0
SV4 NOSCH UIMTH,20260809,20261219,0,0,0,0,0,0,0
LM1 SU_merged_1855,20260517,20260808,0,0,0,0,0,0,0
R3 SA_merged_1657,20260809,20261219,0,0,0,0,0,0,0
LM2 MF_merged_1641,20260809,20261219,0,0,0,0,0,0,0
GN9 WED_merged_1745,20260517,20260808,0,0,0,0,0,0,0
3N 7W MTTF,20260517,20260808,0,0,0,0,0,0,0
B1 MF_merged_1578,20260809,20261219,0,0,0,0,0,0,0
1S 8E CHA ONLY,20260809,20261219,0,0,0,0,0,0,0
R1 MF_merged_1688,20260809,20261219,0,0,0,0,0,0,0
GR3 SA_merged_1852,20260517,20260808,0,0,0,0,0,0,0
LN2 MF_merged_1769,20260517,20260808,0,0,0,0,0,0,0
I8 UIMTH LATE,20260809,20261219,0,0,0,0,0,0,0
Y5 NONUI SU_merged_1533,20260809,20261219,0,0,0,0,0,0,0
GN6 NOSCH MF_merged_1617,20260809,20261219,0,0,0,0,0,0,0
T1 UIF,20260809,20261219,0,0,0,0,0,0,0
BZ2 WED_merged_1534,20260809,20261219,0,0,0,0,0,0,0
LM2 MF_merged_1810,20260517,20260808,0,0,0,0,0,0,0
7W 2 SHOW WED_merged_1537,20260809,20261219,0,0,0,0,0,0,0
SV2 UISU LATE,20260809,20261219,0,0,0,0,0,0,0
T1 UISU LATE,20260809,20261219,0,0,0,0,0,0,0
GN11 NONUIMF (GNX5),20260809,20261219,0,0,0,0,0,0,0
N3 MF,20260809,20261219,0,0,0,0,0,0,0
P2 MF SCH_merged_1553,20260809,20261219,0,0,0,0,0,0,0
1S SHOW 2_merged_1781,20260517,20260808,0,0,0,0,0,0,0
7E 1 SHOW WED_merged_1758,20260517,20260808,0,0,0,0,0,0,0
SV3 UIMF,20260809,20261219,0,0,0,0,0,0,0
BZ1 SCH MTTF_merged_1770,20260517,20260808,0,0,0,0,0,0,0
G5 MF_merged_1848,20260517,20260808,0,0,0,0,0,0,0
5E UHS SHO WED_merged_1656,20260809,20261219,0,0,0,0,0,0,0
SV4 SCH UIF,20260809,20261219,0,0,0,0,0,0,0
GN3 UISA,20260809,20261219,0,0,0,0,0,0,0
GR5 SA_merged_1725,20260517,20260808,0,0,0,0,0,0,0
I1 NONUI SA_merged_1594,20260809,20261219,0,0,0,0,0,0,0
17W 4 SHOW MF,20260809,20261219,0,0,0,0,0,0,0
LM2 SA_merged_1802,20260517,20260808,0,0,0,0,0,0,0
